KEYWORD:INFOSEC
1	@TripwireInc       179	9.91	3.26
2	@CyberExaminer     166	9.83	3.77
3	@hacks4pancakes    155	5.75	2.53
4	@DMBisson          80	4.05	6.72
5	@CyberDomain       92	3.45	4.32
6	@gmillard          71	3.26	6.88
7	@TheRegister       74	3.21	6.23
8	@S_Clarke22        77	2.86	5.13
9	@Maliciouslink     76	2.53	4.66
10	@SwiftOnSecurity   61	2.30	6.59
11	@Peerlyst          70	2.09	4.54
12	@Laughing_Mantis   54	1.98	7.24
13	@da_667            83	1.97	3.03
14	@thegrugq          72	1.83	3.75
15	@gcluley           49	1.69	7.54
16	@LargeCardinal     49	1.56	6.96
17	@InfosecEdu        63	1.53	4.10
18	@TheHackersNews    51	1.48	6.09
19	@alienvault        48	1.41	6.56
20	@averagesecguy     52	1.40	5.55
21	@IT_securitynews   56	1.37	4.68
22	@Info_Sec_Buzz     50	1.31	5.62
23	@I_Fagan           84	1.20	1.81
24	@jwgoerlich        54	1.16	4.25
25	@J0hnnyXm4s        52	1.07	4.25
26	@RSAConference     49	1.07	4.78
27	@jeremiahg         44	0.97	5.38
28	@neirajones        44	0.92	5.11
29	@smesecurity       34	0.87	8.18
30	@DanielMiessler    41	0.87	5.56
31	@deeks             43	0.87	5.03
32	@attrc             38	0.85	6.33
33	@HeimdalSecurity   37	0.84	6.59
34	@AshiqJA           34	0.82	7.63
35	@Infosec_Tourist   120	0.76	0.56
36	@mzbat             34	0.74	6.88
37	@evidentdotio      53	0.68	2.58
38	@ISC2              32	0.60	6.35
39	@treyford          30	0.59	7.16
40	@securityaffairs   52	0.57	2.24
41	@h11dfs            46	0.55	2.78
42	@SecRecon          39	0.50	3.55
43	@rapid7            33	0.48	4.81
44	@InfoSec_17        91	0.47	0.61
45	@IBMSecurity       27	0.46	6.85
46	@J4vv4D            35	0.43	3.83
47	@eForensics_Mag    35	0.43	3.79
48	@Water_Steve       25	0.37	6.52
49	@3ncr1pt3d         30	0.37	4.46
50	@engadget          23	0.36	7.40
51	@ritzsanti         28	0.35	4.90
52	@vishne0           95	0.35	0.41
53	@HOCupdate         31	0.34	3.86
54	@Softpedia         23	0.34	7.02
55	@RSAsecurity       28	0.34	4.69
56	@Onion_ID          26	0.34	5.45
57	@x1622sec          26	0.33	5.31
58	@evanderburg       327	0.32	0.03
59	@violetblue        24	0.29	5.57
60	@hrbrmstr          31	0.28	3.14
61	@FireEye           24	0.27	5.11
62	@geek_king         23	0.27	5.57
63	@NorseCorp         18	0.26	8.89
64	@YoKoAcc           23	0.25	5.11
65	@infosec_nick      39	0.23	1.65
66	@AtlSecCon         20	0.23	6.39
67	@johncvillanueva   41	0.23	1.48
68	@find_evil         29	0.22	2.85
69	@InfoSecSherpa     53	0.22	0.84
70	@LIFARSLLC         141	0.21	0.11
71	@pauldokas         21	0.19	4.79
72	@InfoSec_Student   68	0.18	0.41
73	@ISE_Labs          21	0.18	4.42
74	@I_AM_Mayur0021    28	0.18	2.44
75	@terlin            20	0.18	4.84
76	@todb              22	0.17	3.76
77	@FFD8FFDB          18	0.16	5.49
78	@TruShield         37	0.16	1.23
79	@Trustifier        31	0.15	1.66
80	@crackerhacker00   20	0.14	3.87
81	@IOActive          30	0.14	1.66
82	@CBI_IT            22	0.14	3.12
83	@campuscodi        17	0.14	5.26
84	@Infosec_Rogue     41	0.14	0.87
85	@EiQNetworks       20	0.14	3.73
86	@Cyveillance       16	0.14	5.90
87	@Rootsector        34	0.13	1.25
88	@ErrataRob         18	0.13	4.31
89	@HackerHuntress    25	0.12	2.12
90	@ISACANews         17	0.12	4.63
91	@LGScout           24	0.12	2.26
92	@Hakin9            37	0.11	0.90
93	@MrTrav            18	0.11	3.91
94	@Secnewsbytes      34	0.11	1.04
95	@Malwarebytes      16	0.11	4.80
96	@cybersecboardrm   19	0.11	3.30
97	@ClausHoumann      55	0.10	0.36
98	@GRC_Ninja         41	0.10	0.64
99	@JosephSteinberg   21	0.10	2.40
100	@Secure360         14	0.09	5.33
101	59626497           22	0.09	2.08
102	16486941           33	0.09	0.89
103	16048357           23	0.09	1.81
104	2569344860         15	0.09	4.29
105	15071408           21	0.09	2.14
106	21930409           29	0.08	1.06
107	160904444          22	0.08	1.86
108	26395638           19	0.08	2.31
109	260765207          14	0.07	4.30
110	3304386296         19	0.07	2.25
111	18466967           15	0.07	3.51
112	425734083          11	0.07	6.55
113	3020844178         29	0.07	0.88
114	14279598           16	0.07	2.92
115	239822603          64	0.06	0.17
116	13139462           31	0.06	0.71
117	2241308316         272	0.06	0.01
118	2214017449         15	0.05	2.66
119	2269701            18	0.05	1.59
120	704944032          24	0.05	0.87
121	159820725          25	0.04	0.78
122	1377104629         34	0.04	0.41
123	3191840573         17	0.04	1.69
124	307888829          16	0.04	1.90
125	15237481           12	0.04	3.41
126	3014240990         36	0.04	0.33
127	19489212           19	0.04	1.15
128	15210195           18	0.04	1.26
129	10709332           25	0.04	0.62
130	60428991           13	0.03	2.31
131	15752235           11	0.03	3.13
132	20537779           27	0.03	0.44
133	1636184532         24	0.03	0.54
134	1104014550         12	0.03	2.23
135	1674598830         37	0.03	0.22
136	111184395          15	0.03	1.37
137	155858106          26	0.03	0.44
138	15709883           10	0.03	3.07
139	17604714           13	0.03	1.75
140	39577878           11	0.03	2.48
141	105871222          20	0.03	0.72
142	21672993           12	0.03	2.06
143	137295661          12	0.03	2.05
144	1361924767         18	0.02	0.85
145	89258415           32	0.02	0.25
146	14240263           12	0.02	1.86
147	388781940          21	0.02	0.58
148	20525891           13	0.02	1.54
149	3300929890         17	0.02	0.88
150	2858773132         13	0.02	1.49
151	50743              48	0.02	0.10
152	15474914           14	0.02	1.25
153	1099917240         14	0.02	1.25
154	7025212            16	0.02	0.88
155	1379745295         10	0.02	2.28
156	284343107          18	0.02	0.65
157	3257088314         15	0.02	0.90
158	234865021          12	0.02	1.41
159	72824916           14	0.02	0.99
160	28388393           15	0.02	0.86
161	32495046           11	0.02	1.58
162	1337508296         24	0.02	0.30
163	161793270          14	0.02	0.92
164	24799257           14	0.02	0.91
165	353963359          12	0.02	1.25
166	15611072           17	0.02	0.60
167	3032214935         15	0.02	0.76
168	14277681           35	0.02	0.13
169	166380343          23	0.01	0.30
170	1362878533         13	0.01	0.96
171	14200979           22	0.01	0.31
172	14414286           9	0.01	1.94
173	16473043           8	0.01	2.43
174	817166286          11	0.01	1.23
175	594611438          10	0.01	1.44
176	97229903           8	0.01	2.32
177	202012292          24	0.01	0.23
178	83887416           27	0.01	0.18
179	974085018          17	0.01	0.46
180	440496594          16	0.01	0.50
181	11855222           10	0.01	1.33
182	30135560           21	0.01	0.28
183	2193081619         15	0.01	0.57
184	19303540           9	0.01	1.61
185	1145973618         13	0.01	0.74
186	3090576763         9	0.01	1.58
187	3063543333         40	0.01	0.07
188	292458563          10	0.01	1.24
189	1862364752         14	0.01	0.62
190	2418133304         10	0.01	1.22
191	20256371           11	0.01	0.98
192	8371802            11	0.01	0.95
193	14703861           13	0.01	0.67
194	4310597674         24	0.01	0.19
195	22812961           15	0.01	0.50
196	17103069           11	0.01	0.95
197	3325490200         10	0.01	1.13
198	14876847           12	0.01	0.77
199	1538299243         12	0.01	0.77
200	2891848964         15	0.01	0.48
201	19015881           18	0.01	0.32
202	49051516           16	0.01	0.40
203	19050933           19	0.01	0.28
204	1181038442         11	0.01	0.83
205	19987370           41	0.01	0.05
206	17797084           18	0.01	0.29
207	370214655          8	0.01	1.55
208	3616901            24	0.01	0.15
209	137098132          13	0.01	0.54
210	3318880195         12	0.01	0.64
211	3196416899         10	0.01	0.89
212	13275122           9	0.01	1.11
213	32294908           11	0.01	0.70
214	139850182          9	0.01	1.04
215	3027202722         33	0.01	0.07
216	16334085           10	0.01	0.83
217	48076407           20	0.01	0.19
218	14158154           12	0.01	0.52
219	3319429237         10	0.01	0.76
220	39881667           8	0.01	1.16
221	5074681            40	0.01	0.04
222	2903855049         17	0.01	0.24
223	3448979902         19	0.01	0.18
224	145337153          12	0.01	0.45
225	40706825           8	0.01	1.07
226	977327161          23	0.01	0.12
227	138938942          15	0.01	0.29
228	323993141          10	0.01	0.67
229	314344816          10	0.01	0.63
230	2934027108         9	0.01	0.78
231	2306407040         8	0.01	1.00
232	52446754           11	0.01	0.50
233	795470076          8	0.01	0.98
234	269871444          12	0.01	0.42
235	26327592           8	0.01	0.98
236	243877974          10	0.01	0.60
237	16731644           9	0.01	0.75
238	15856164           9	0.00	0.72
239	176868850          9	0.00	0.72
240	37975275           10	0.00	0.58
241	74518730           13	0.00	0.33
242	28537378           6	0.00	1.70
243	3769137443         53	0.00	0.02
244	74118845           12	0.00	0.38
245	20961162           5	0.00	2.50
246	2377894584         19	0.00	0.15
247	213993783          14	0.00	0.27
248	347484172          9	0.00	0.67
249	68457624           31	0.00	0.05
250	952483908          19	0.00	0.13
251	2883191            11	0.00	0.41
252	132755086          22	0.00	0.10
253	187866337          22	0.00	0.10
254	264773757          11	0.00	0.38
255	2425808244         14	0.00	0.23
256	109563588          21	0.00	0.10
257	121130943          9	0.00	0.58
258	405084965          17	0.00	0.15
259	16542172           8	0.00	0.71
260	6958               16	0.00	0.17
261	510696432          11	0.00	0.36
262	18535086           7	0.00	0.93
263	16058084           5	0.00	1.95
264	469649312          6	0.00	1.20
265	84235436           15	0.00	0.17
266	337795335          34	0.00	0.03
267	540998751          11	0.00	0.33
268	125071102          8	0.00	0.64
269	19619710           17	0.00	0.13
270	1166795791         5	0.00	1.65
271	2239854795         5	0.00	1.65
272	1193243155         23	0.00	0.06
273	17991577           11	0.00	0.29
274	16957326           20	0.00	0.08
275	4951981            10	0.00	0.36
276	17300172           6	0.00	0.93
277	266675311          10	0.00	0.31
278	148224229          27	0.00	0.04
279	17350542           9	0.00	0.39
280	3232185336         11	0.00	0.25
281	249605184          8	0.00	0.50
282	1638112940         9	0.00	0.39
283	57376328           7	0.00	0.64
284	19027475           8	0.00	0.48
285	2543220350         15	0.00	0.13
286	32839909           12	0.00	0.20
287	334429384          17	0.00	0.10
288	2168493584         12	0.00	0.19
289	161662522          10	0.00	0.28
290	46715219           13	0.00	0.15
291	42697059           13	0.00	0.15
292	95339302           11	0.00	0.22
293	744260406          12	0.00	0.18
294	12692452           7	0.00	0.57
295	53789559           6	0.00	0.80
296	14133061           11	0.00	0.20
297	66695966           9	0.00	0.29
298	2775634827         9	0.00	0.29
299	4238943793         6	0.00	0.70
300	19471962           18	0.00	0.07
301	2342417318         8	0.00	0.36
302	2730638966         9	0.00	0.28
303	25722218           10	0.00	0.22
304	21426868           17	0.00	0.07
305	198238726          10	0.00	0.20
306	2350405069         7	0.00	0.43
307	217044901          9	0.00	0.25
308	27936938           19	0.00	0.05
309	97450156           7	0.00	0.43
310	1071626832         21	0.00	0.04
311	2847021941         9	0.00	0.25
312	193961402          18	0.00	0.06
313	1466830381         8	0.00	0.32
314	184762389          10	0.00	0.18
315	30630006           6	0.00	0.53
316	382009583          5	0.00	0.80
317	50803172           14	0.00	0.09
318	3816665602         39	0.00	0.01
319	343749255          10	0.00	0.18
320	1117439906         8	0.00	0.29
321	127891629          6	0.00	0.53
322	3140872723         6	0.00	0.53
323	36994933           11	0.00	0.15
324	393310759          11	0.00	0.14
325	3234670025         5	0.00	0.75
326	374155739          8	0.00	0.27
327	3937914677         9	0.00	0.21
328	3219250468         14	0.00	0.08
329	1084538815         20	0.00	0.04
330	8513352            9	0.00	0.19
331	14923622           11	0.00	0.13
332	369626056          8	0.00	0.25
333	293154103          7	0.00	0.33
334	3305651434         6	0.00	0.47
335	14298862           13	0.00	0.09
336	24743930           10	0.00	0.16
337	3427565590         13	0.00	0.08
338	2299674648         21	0.00	0.03
339	34234414           11	0.00	0.11
340	2677694917         9	0.00	0.17
341	998482470          4	0.00	1.00
342	10544092           14	0.00	0.07
343	481543210          13	0.00	0.08
344	2155332973         7	0.00	0.29
345	506849062          10	0.00	0.13
346	1942991            9	0.00	0.17
347	277468962          9	0.00	0.17
348	16132035           10	0.00	0.13
349	610903955          7	0.00	0.29
350	17287651           6	0.00	0.40
351	3075695054         13	0.00	0.08
352	490532138          11	0.00	0.11
353	1039785348         8	0.00	0.21
354	3376967283         7	0.00	0.29
355	55309639           7	0.00	0.29
356	166486554          7	0.00	0.24
357	298836407          5	0.00	0.50
358	1058788472         55	0.00	0.00
359	2361161000         16	0.00	0.04
360	2830775725         8	0.00	0.18
361	430179947          4	0.00	0.83
362	23033575           6	0.00	0.33
363	1590754944         4	0.00	0.83
364	164274882          9	0.00	0.12
365	100983645          7	0.00	0.21
366	2746319731         13	0.00	0.06
367	366455913          6	0.00	0.30
368	1114789980         6	0.00	0.30
369	3053981422         5	0.00	0.45
370	1088411            13	0.00	0.06
371	2784570334         5	0.00	0.45
372	18686463           9	0.00	0.12
373	74202524           7	0.00	0.21
374	17121424           5	0.00	0.40
375	1014125275         4	0.00	0.67
376	1219765094         7	0.00	0.19
377	534619276          12	0.00	0.06
378	62314430           70	0.00	0.00
379	307607557          6	0.00	0.27
380	1928681942         9	0.00	0.11
381	15092841           6	0.00	0.27
382	595344663          4	0.00	0.67
383	77346069           11	0.00	0.07
384	83656341           29	0.00	0.01
385	592839219          11	0.00	0.06
386	2647184077         4	0.00	0.58
387	973754540          8	0.00	0.11
388	257515465          8	0.00	0.11
389	70283639           6	0.00	0.20
390	811384             6	0.00	0.20
391	22404415           4	0.00	0.50
392	21230062           17	0.00	0.02
393	2554135315         6	0.00	0.20
394	2594893303         5	0.00	0.30
395	455025616          7	0.00	0.14
396	2407326858         13	0.00	0.04
397	122127567          5	0.00	0.30
398	176108821          7	0.00	0.14
399	1944077772         5	0.00	0.30
400	1513846232         5	0.00	0.30
401	41154258           8	0.00	0.11
402	16244596           6	0.00	0.20
403	3039721373         6	0.00	0.20
404	30894904           6	0.00	0.20
405	19893079           38	0.00	0.00
406	59611400           28	0.00	0.01
407	15428590           10	0.00	0.07
408	28458306           6	0.00	0.20
409	2314468920         8	0.00	0.11
410	18128570           6	0.00	0.20
411	20852497           7	0.00	0.14
412	10022752           11	0.00	0.05
413	619393896          10	0.00	0.06
414	3937965861         8	0.00	0.09
415	3431776391         6	0.00	0.13
416	3608706497         10	0.00	0.04
417	22069540           5	0.00	0.20
418	38446940           14	0.00	0.02
419	24445494           19	0.00	0.01
420	74949316           14	0.00	0.02
421	3181507321         5	0.00	0.20
422	3244801            8	0.00	0.07
423	21721881           7	0.00	0.10
424	44098733           5	0.00	0.20
425	250774865          5	0.00	0.20
426	11920962           4	0.00	0.33
427	20731304           6	0.00	0.13
428	128263630          6	0.00	0.13
429	85161524           8	0.00	0.07
430	272410390          10	0.00	0.04
431	2471610012         9	0.00	0.06
432	115497075          15	0.00	0.02
433	282814612          4	0.00	0.33
434	1087961            9	0.00	0.06
435	216353355          5	0.00	0.20
436	15166390           6	0.00	0.13
437	1088855299         8	0.00	0.07
438	727603             6	0.00	0.13
439	14194579           20	0.00	0.01
440	17092070           13	0.00	0.03
441	65900718           10	0.00	0.03
442	32625798           4	0.00	0.25
443	53837402           18	0.00	0.01
444	1283925618         8	0.00	0.05
445	101754689          12	0.00	0.02
446	29292439           35	0.00	0.00
447	8325052            4	0.00	0.25
448	21125416           3	0.00	0.50
449	1621256666         4	0.00	0.25
450	5037161            5	0.00	0.15
451	94117695           12	0.00	0.02
452	114625405          26	0.00	0.00
453	15707229           3	0.00	0.50
454	487681153          15	0.00	0.01
455	15752350           3	0.00	0.50
456	393325873          9	0.00	0.04
457	176230597          4	0.00	0.17
458	2344116498         6	0.00	0.07
459	2930991403         14	0.00	0.01
460	55663342           15	0.00	0.01
461	199549001          18	0.00	0.01
462	409723518          6	0.00	0.07
463	21066583           5	0.00	0.10
464	20112237           3	0.00	0.33
465	2822919039         7	0.00	0.05
466	2977301499         14	0.00	0.01
467	2566358196         8	0.00	0.04
468	16602393           7	0.00	0.05
469	20324329           7	0.00	0.05
470	73602558           4	0.00	0.17
471	2155140654         6	0.00	0.07
472	14563023           9	0.00	0.03
473	16455938           16	0.00	0.01
474	35080116           9	0.00	0.03
475	453210489          5	0.00	0.10
476	157016008          5	0.00	0.10
477	1698994436         5	0.00	0.10
478	1222068722         6	0.00	0.07
479	6203962            4	0.00	0.17
480	2777123581         6	0.00	0.07
481	35527515           6	0.00	0.07
482	505621379          7	0.00	0.05
483	2177833879         5	0.00	0.10
484	15033971           3	0.00	0.33
485	28536036           12	0.00	0.02
486	26681244           7	0.00	0.05
487	537333195          7	0.00	0.05
488	9108952            10	0.00	0.02
489	888624817          10	0.00	0.02
490	18272139           13	0.00	0.01
491	26570665           4	0.00	0.17
492	20230161           5	0.00	0.05
493	52748391           5	0.00	0.05
494	1568063760         8	0.00	0.02
495	27689263           5	0.00	0.05
496	15097295           5	0.00	0.05
497	62492995           5	0.00	0.05
498	182518117          7	0.00	0.02
499	14500275           5	0.00	0.05
500	819007957          36	0.00	0.00
501	2574594636         5	0.00	0.05
502	20451617           17	0.00	0.00
503	3296572141         5	0.00	0.05
504	19936330           3	0.00	0.17
505	369714291          18	0.00	0.00
506	8594912            4	0.00	0.08
507	14423572           10	0.00	0.01
508	188831365          5	0.00	0.05
509	365435875          7	0.00	0.02
510	2835994562         5	0.00	0.05
511	146712559          4	0.00	0.08
512	955894249          5	0.00	0.05
513	1934821951         4	0.00	0.08
514	2375518802         74	0.00	0.00
515	36154944           7	0.00	0.02
516	14511703           3	0.00	0.17
517	105041593          11	0.00	0.01
518	3424960323         19	0.00	0.00
519	791875428          7	0.00	0.02
520	218742080          5	0.00	0.05
521	35508508           5	0.00	0.05
522	7084032            5	0.00	0.00
523	518893575          8	0.00	0.00
524	475955210          3	0.00	0.00
525	2558677003         28	0.00	0.00
526	546156558          4	0.00	0.00
527	357011475          4	0.00	0.00
528	2532006187         4	0.00	0.00
529	464621591          5	0.00	0.00
530	855625753          4	0.00	0.00
531	1357250588         5	0.00	0.00
532	248467487          11	0.00	0.00
533	41435169           24	0.00	0.00
534	1183883299         8	0.00	0.00
535	382865452          3	0.00	0.00
536	15708205           6	0.00	0.00
537	340172848          3	0.00	0.00
538	2800214067         2	0.00	0.00
539	575590454          5	0.00	0.00
540	20906040           2	0.00	0.00
541	34312251           2	0.00	0.00
542	2481053756         13	0.00	0.00
543	1630455818         10	0.00	0.00
544	15007810           3	0.00	0.00
545	2291351622         5	0.00	0.00
546	469106761          7	0.00	0.00
547	1611452491         4	0.00	0.00
548	3129507917         3	0.00	0.00
549	423784527          4	0.00	0.00
550	539941560          2	0.00	0.00
551	252066598          4	0.00	0.00
552	2245918806         4	0.00	0.00
553	3920670807         5	0.00	0.00
554	16638040           3	0.00	0.00
555	599896163          2	0.00	0.00
556	566472804          5	0.00	0.00
557	1694572646         6	0.00	0.00
558	31473770           6	0.00	0.00
559	49303660           5	0.00	0.00
560	294248558          8	0.00	0.00
561	1094365303         2	0.00	0.00
562	19468408           2	0.00	0.00
563	134918267          3	0.00	0.00
564	8941692            2	0.00	0.00
565	8216702            4	0.00	0.00
566	376164481          11	0.00	0.00
567	14229634           2	0.00	0.00
568	506196099          4	0.00	0.00
569	12206102           6	0.00	0.00
570	3214647434         2	0.00	0.00
571	17772686           10	0.00	0.00
572	16078189           5	0.00	0.00
573	14924745           3	0.00	0.00
574	853418136          9	0.00	0.00
575	2320003226         3	0.00	0.00
576	369107103          6	0.00	0.00
577	14794913           3	0.00	0.00
578	3548135003         4	0.00	0.00
579	217784483          4	0.00	0.00
580	352380956          3	0.00	0.00
581	3368997039         6	0.00	0.00
582	16727680           4	0.00	0.00
583	126279859          8	0.00	0.00
584	125714612          11	0.00	0.00
585	2752938166         6	0.00	0.00
586	186844514          3	0.00	0.00
587	3884515513         7	0.00	0.00
588	329281722          2	0.00	0.00
589	65634491           2	0.00	0.00
590	978976962          8	0.00	0.00
591	283488454          3	0.00	0.00
592	19767495           2	0.00	0.00
593	3964260555         2	0.00	0.00
594	363712717          8	0.00	0.00
595	422068941          6	0.00	0.00
596	2896621778         2	0.00	0.00
597	13734102           2	0.00	0.00
598	2338844887         3	0.00	0.00
599	448807130          9	0.00	0.00
600	250220766          3	0.00	0.00
601	1587282144         4	0.00	0.00
602	83226854           3	0.00	0.00
603	52371692           5	0.00	0.00
604	2808381678         3	0.00	0.00
605	901361             3	0.00	0.00
606	928583935          4	0.00	0.00
607	2891411715         4	0.00	0.00
608	3355255047         9	0.00	0.00
609	2307322124         2	0.00	0.00
610	187200831          3	0.00	0.00
611	603000905          6	0.00	0.00
612	1865531671         4	0.00	0.00
613	4573970716         8	0.00	0.00
614	2917396765         3	0.00	0.00
615	46543136           165	0.00	0.00
616	21483809           5	0.00	0.00
617	753574184          6	0.00	0.00
618	490262825          5	0.00	0.00
619	18243882           3	0.00	0.00
620	305899417          4	0.00	0.00
621	921415986          3	0.00	0.00
622	3046308574         5	0.00	0.00
623	105718072          6	0.00	0.00
624	924594492          3	0.00	0.00
625	20324669           2	0.00	0.00
626	575177440          6	0.00	0.00
627	2810757444         9	0.00	0.00
628	470689846          6	0.00	0.00
629	2867007814         2	0.00	0.00
630	2952810823         2	0.00	0.00
631	338803426          6	0.00	0.00
632	437018960          6	0.00	0.00
633	20103506           2	0.00	0.00
634	14537046           3	0.00	0.00
635	4314800473         3	0.00	0.00
636	144978267          2	0.00	0.00
637	992416092          3	0.00	0.00
638	62431585           5	0.00	0.00
639	1578033506         8	0.00	0.00
640	1117024615         10	0.00	0.00
641	15176044           4	0.00	0.00
642	730944914          3	0.00	0.00
643	477356399          2	0.00	0.00
644	432513392          2	0.00	0.00
645	2437243254         5	0.00	0.00
646	15655289           5	0.00	0.00
647	115893653          2	0.00	0.00
648	40989057           3	0.00	0.00
649	3796042114         25	0.00	0.00
650	17334666           3	0.00	0.00
651	294441355          2	0.00	0.00
652	65433996           4	0.00	0.00
653	2517396205         7	0.00	0.00
654	3836526993         3	0.00	0.00
655	20435347           8	0.00	0.00
656	2222911892         2	0.00	0.00
657	22208919           6	0.00	0.00
658	543560090          4	0.00	0.00
659	120066117          2	0.00	0.00
660	721052064          6	0.00	0.00
661	15270306           4	0.00	0.00
662	322777507          6	0.00	0.00
663	823652772          4	0.00	0.00
664	21197221           9	0.00	0.00
665	231870888          4	0.00	0.00
666	942404011          2	0.00	0.00
667	2498236849         3	0.00	0.00
668	96637364           5	0.00	0.00
669	23630261           2	0.00	0.00
670	47395257           5	0.00	0.00
671	3732554173         5	0.00	0.00
672	2907919093         2	0.00	0.00
673	92017095           10	0.00	0.00
674	388432333          8	0.00	0.00
675	203452878          3	0.00	0.00
676	20906447           5	0.00	0.00
677	222253522          8	0.00	0.00
678	31216089           2	0.00	0.00
679	138764762          7	0.00	0.00
680	169599452          2	0.00	0.00
681	425112029          4	0.00	0.00
682	785207774          4	0.00	0.00
683	190427616          7	0.00	0.00
684	128213477          4	0.00	0.00
685	3119604199         3	0.00	0.00
686	12100072           3	0.00	0.00
687	335348201          4	0.00	0.00
688	2461860330         2	0.00	0.00
689	18059761           14	0.00	0.00
690	6742522            3	0.00	0.00
691	242500093          2	0.00	0.00
692	384983551          2	0.00	0.00
693	16966147           5	0.00	0.00
694	19974230           11	0.00	0.00
695	142328331          5	0.00	0.00
696	40280588           4	0.00	0.00
697	2815410712         3	0.00	0.00
698	4837057049         2	0.00	0.00
699	324862491          4	0.00	0.00
700	191058462          5	0.00	0.00
701	27038239           9	0.00	0.00
702	16941600           222	0.00	0.00
703	3341140514         2	0.00	0.00
704	254714630          31	0.00	0.00
705	28983848           5	0.00	0.00
706	23347755           6	0.00	0.00
707	4655825454         9	0.00	0.00
708	14230063           5	0.00	0.00
709	370602551          5	0.00	0.00
710	13689402           11	0.00	0.00
711	13857342           2	0.00	0.00
712	1586123329         10	0.00	0.00
713	215413314          2	0.00	0.00
714	159621701          2	0.00	0.00
715	2753173926         7	0.00	0.00
716	225235528          2	0.00	0.00
717	21336651           2	0.00	0.00
718	190038605          6	0.00	0.00
719	3344654927         3	0.00	0.00
720	17147265           2	0.00	0.00
721	78091704           6	0.00	0.00
722	2573566555         4	0.00	0.00
723	240403037          6	0.00	0.00
724	140591039          2	0.00	0.00
725	2807358056         3	0.00	0.00
726	11014762           2	0.00	0.00
727	240378475          8	0.00	0.00
728	3763749496         4	0.00	0.00
729	28627577           2	0.00	0.00
730	79692411           3	0.00	0.00
731	1355685355         2	0.00	0.00
732	3173712514         4	0.00	0.00
733	764375683          2	0.00	0.00
734	72614864           2	0.00	0.00
735	14598790           5	0.00	0.00
736	20395458           16	0.00	0.00
737	3235448647         2	0.00	0.00
738	197976724          5	0.00	0.00
739	336626325          2	0.00	0.00
740	3028632215         2	0.00	0.00
741	95990432           3	0.00	0.00
742	4184969892         2	0.00	0.00
743	73532070           3	0.00	0.00
744	3132646057         2	0.00	0.00
745	3971879596         4	0.00	0.00
746	35388189           3	0.00	0.00
747	44413620           7	0.00	0.00
748	57623224           6	0.00	0.00
749	2845098681         3	0.00	0.00
750	14877471           2	0.00	0.00
751	3407266492         2	0.00	0.00
752	201484405          4	0.00	0.00
753	124822211          6	0.00	0.00
754	409543365          8	0.00	0.00
755	25760454           2	0.00	0.00
756	18780871           6	0.00	0.00
757	494629576          5	0.00	0.00
758	192357068          2	0.00	0.00
759	131285710          4	0.00	0.00
760	703677152          3	0.00	0.00
761	2207568612         2	0.00	0.00
762	48402711           11	0.00	0.00
763	1203533948         7	0.00	0.00
764	2396902122         2	0.00	0.00
765	2436236011         2	0.00	0.00
766	43037422           2	0.00	0.00
767	22860531           2	0.00	0.00
768	22500086           2	0.00	0.00
769	358073083          3	0.00	0.00
770	73678038           2	0.00	0.00
771	177562374          2	0.00	0.00
772	52822793           10	0.00	0.00
773	3584781            2	0.00	0.00
774	20693776           3	0.00	0.00
775	4268688148         3	0.00	0.00
776	2362929943         6	0.00	0.00
777	214213400          2	0.00	0.00
778	72610586           14	0.00	0.00
779	577250082          9	0.00	0.00
780	17485959           2	0.00	0.00
781	92335581           2	0.00	0.00
782	89015093           5	0.00	0.00
783	1722831672         2	0.00	0.00
784	49349434           5	0.00	0.00
785	2683422626         4	0.00	0.00
786	126710582          3	0.00	0.00
787	3072959307         13	0.00	0.00
788	3303199567         4	0.00	0.00
789	3234108241         2	0.00	0.00
790	1460288238         16	0.00	0.00
791	354841429          6	0.00	0.00
792	936764257          3	0.00	0.00
793	2932274018         16	0.00	0.00
794	23090019           6	0.00	0.00
795	54666727           2	0.00	0.00
796	1267770224         3	0.00	0.00
797	4327166834         10	0.00	0.00
798	700457844          2	0.00	0.00
799	2646152055         2	0.00	0.00
800	41603960           6	0.00	0.00
801	16869524           2	0.00	0.00
802	2853010239         5	0.00	0.00
803	1179923324         5	0.00	0.00
804	14246782           2	0.00	0.00
805	14115713           3	0.00	0.00
806	3645881836         2	0.00	0.00
807	372388749          3	0.00	0.00
808	4126237583         18	0.00	0.00
809	1154876306         10	0.00	0.00
810	342957470          2	0.00	0.00
811	448480152          3	0.00	0.00
812	84399008           15	0.00	0.00
813	2332566434         6	0.00	0.00
814	93905831           2	0.00	0.00
815	5350322            6	0.00	0.00
816	210891701          4	0.00	0.00
817	341902267          4	0.00	0.00
818	145122238          12	0.00	0.00
819	22057924           2	0.00	0.00
820	146043845          9	0.00	0.00
821	301765577          2	0.00	0.00
822	314581964          3	0.00	0.00
823	95887157           3	0.00	0.00
824	2741035986         2	0.00	0.00
825	550953946          5	0.00	0.00
826	324756443          3	0.00	0.00
827	26174431           2	0.00	0.00
828	1071424482         9	0.00	0.00
829	3188081641         9	0.00	0.00
830	55944174           2	0.00	0.00
831	15062001           6	0.00	0.00
832	4634686452         12	0.00	0.00
833	4283757561         3	0.00	0.00
834	11918452           7	0.00	0.00
835	42992649           2	0.00	0.00
836	3111247642         2	0.00	0.00
837	337912843          3	0.00	0.00
838	37942286           3	0.00	0.00
839	7975952            8	0.00	0.00
840	3230131219         10	0.00	0.00
841	100815893          2	0.00	0.00
842	90670105           18	0.00	0.00
843	1213498394         2	0.00	0.00
844	280671271          3	0.00	0.00
845	41260072           2	0.00	0.00
846	98731049           3	0.00	0.00
847	337024045          7	0.00	0.00
848	18150446           3	0.00	0.00
849	2299269981         2	0.00	0.00
850	410219569          11	0.00	0.00
851	2306491448         4	0.00	0.00
852	1285592126         5	0.00	0.00
853	15475776           9	0.00	0.00
854	19160553           2	0.00	0.00
855	416646214          2	0.00	0.00
856	2235655244         2	0.00	0.00
857	123692113          8	0.00	0.00
858	17867860           2	0.00	0.00
859	4055301214         3	0.00	0.00
860	30651485           2	0.00	0.00
861	286868576          9	0.00	0.00
862	3433210978         4	0.00	0.00
863	14225595           7	0.00	0.00
864	20231269           7	0.00	0.00
865	1855349863         2	0.00	0.00
866	18842736           8	0.00	0.00
867	1672782961         2	0.00	0.00
868	423806071          4	0.00	0.00
869	158794873          3	0.00	0.00
870	1665049724         2	0.00	0.00
871	96867459           4	0.00	0.00
872	55473284           2	0.00	0.00
873	2393814149         3	0.00	0.00
874	21329033           3	0.00	0.00
875	1198777879         2	0.00	0.00
876	279513282          7	0.00	0.00
877	79197327           4	0.00	0.00
878	811091089          7	0.00	0.00
879	2474642263         4	0.00	0.00
880	1657500823         4	0.00	0.00
881	30131354           2	0.00	0.00
882	176407708          6	0.00	0.00
883	628298914          3	0.00	0.00
884	3166958767         3	0.00	0.00
885	18187440           12	0.00	0.00
886	339795130          2	0.00	0.00
887	2844103864         10	0.00	0.00
888	4081829052         4	0.00	0.00
889	12482762           2	0.00	0.00
890	21111999           3	0.00	0.00
891	823440576          12	0.00	0.00
892	179815618          2	0.00	0.00
893	28918980           4	0.00	0.00
894	2589541577         3	0.00	0.00
895	2777462912         2	0.00	0.00
896	85107575           4	0.00	0.00
897	311844470          3	0.00	0.00
898	619455696          3	0.00	0.00
899	238281938          4	0.00	0.00
900	9159892            2	0.00	0.00
901	16499925           2	0.00	0.00
902	3387241337         2	0.00	0.00
903	2996821037         4	0.00	0.00
904	148104416          2	0.00	0.00
905	704451812          3	0.00	0.00
906	64167462           2	0.00	0.00
907	15508710           4	0.00	0.00
908	384916348          6	0.00	0.00
909	37233899           6	0.00	0.00
910	169141487          6	0.00	0.00
911	91411696           26	0.00	0.00
912	197043752          7	0.00	0.00
913	3351975155         3	0.00	0.00
914	1528489207         2	0.00	0.00
915	11687162           7	0.00	0.00
916	610977019          6	0.00	0.00
917	196551932          3	0.00	0.00
918	201356541          3	0.00	0.00
919	142378238          12	0.00	0.00
920	2872382722         2	0.00	0.00
921	572085507          2	0.00	0.00
922	3891197189         2	0.00	0.00
923	18826503           3	0.00	0.00
924	3158107401         6	0.00	0.00
925	235559477          4	0.00	0.00
926	19789079           2	0.00	0.00
927	794705455          3	0.00	0.00
928	2281788703         5	0.00	0.00
929	172545314          20	0.00	0.00
930	203224358          7	0.00	0.00
931	23065897           3	0.00	0.00
932	370881838          2	0.00	0.00
933	18740529           3	0.00	0.00
934	270112056          6	0.00	0.00
935	28407101           5	0.00	0.00
936	1375675711         3	0.00	0.00
937	3368849687         2	0.00	0.00
938	15119687           4	0.00	0.00
939	135165256          2	0.00	0.00
940	59057485           101	0.00	0.00
941	620668243          3	0.00	0.00
942	2975495510         2	0.00	0.00
943	235619674          4	0.00	0.00
944	22693213           2	0.00	0.00
945	19026149           9	0.00	0.00
946	367629666          6	0.00	0.00
947	19039590           8	0.00	0.00
948	1384867182         3	0.00	0.00
949	4272657142         4	0.00	0.00
950	25605494           3	0.00	0.00
951	19772792           6	0.00	0.00
952	186721658          3	0.00	0.00
953	908670332          12	0.00	0.00
954	292832637          2	0.00	0.00
955	3363853694         18	0.00	0.00
956	311489921          14	0.00	0.00
957	16364936           3	0.00	0.00
958	3147928969         4	0.00	0.00
959	1565361547         6	0.00	0.00
960	38208912           2	0.00	0.00
961	273732504          4	0.00	0.00
962	17401234           9	0.00	0.00
963	2425836948         5	0.00	0.00
964	47568277           7	0.00	0.00
965	28968343           5	0.00	0.00
966	36799898           2	0.00	0.00
967	1920303343         3	0.00	0.00
968	2313663902         5	0.00	0.00
969	14390690           3	0.00	0.00
970	18552230           2	0.00	0.00
971	24714141           3	0.00	0.00
972	1452873140         2	0.00	0.00
973	2179933621         3	0.00	0.00
974	335623608          2	0.00	0.00
975	42046909           4	0.00	0.00
976	64677310           5	0.00	0.00
977	1125690272         9	0.00	0.00
978	15521218           7	0.00	0.00
979	2171446730         2	0.00	0.00
980	17675729           2	0.00	0.00
981	16598483           3	0.00	0.00
982	18408919           4	0.00	0.00
983	1048937946         2	0.00	0.00
984	2939651550         5	0.00	0.00
985	51529186           2	0.00	0.00
986	22722023           6	0.00	0.00
987	14415338           5	0.00	0.00
988	2340111852         2	0.00	0.00
989	4614850037         4	0.00	0.00
990	519599606          4	0.00	0.00
991	3796674040         7	0.00	0.00
992	2848209353         4	0.00	0.00
993	274470400          6	0.00	0.00
994	2253477378         3	0.00	0.00
995	2964497923         5	0.00	0.00
996	220345863          4	0.00	0.00
997	469807367          3	0.00	0.00
998	3239925262         6	0.00	0.00
999	98924629           6	0.00	0.00
1000	3738523160         5	0.00	0.00
1001	17544730           2	0.00	0.00
1002	4071390977         3	0.00	0.00
1003	2210883103         4	0.00	0.00
1004	67700256           2	0.00	0.00
1005	1483245091         7	0.00	0.00
1006	809264678          4	0.00	0.00
1007	1668986407         2	0.00	0.00
1008	3104925224         10	0.00	0.00
1009	263243305          6	0.00	0.00
1010	2364151338         2	0.00	0.00
1011	77320279           3	0.00	0.00
1012	20256309           5	0.00	0.00
1013	23336502           3	0.00	0.00
1014	3192067642         2	0.00	0.00
1015	16049723           2	0.00	0.00
1016	918107708          3	0.00	0.00
1017	3123025469         2	0.00	0.00
1018	278193727          3	0.00	0.00
1019	14964289           2	0.00	0.00
1020	2826303042         4	0.00	0.00
1021	342771269          4	0.00	0.00
1022	1913783881         3	0.00	0.00
1023	93513305           3	0.00	0.00
1024	50394715           12	0.00	0.00
1025	1703908958         5	0.00	0.00
1026	139642469          2	0.00	0.00
1027	404809312          4	0.00	0.00
1028	33474147           2	0.00	0.00
1029	205227620          4	0.00	0.00
1030	107181669          3	0.00	0.00
1031	2883843686         3	0.00	0.00
1032	3282695784         2	0.00	0.00
1033	155976504          3	0.00	0.00
1034	39048808           2	0.00	0.00
1035	27035250           2	0.00	0.00
1036	250332794          3	0.00	0.00
1037	135190139          9	0.00	0.00
1038	1553491580         13	0.00	0.00
1039	2516444018         8	0.00	0.00
1040	242071171          6	0.00	0.00
1041	90715784           5	0.00	0.00
1042	49131799           6	0.00	0.00
1043	33502860           3	0.00	0.00
1044	151733901          3	0.00	0.00
1045	3218740888         3	0.00	0.00
1046	18860590           4	0.00	0.00
1047	59950751           2	0.00	0.00
1048	50857636           2	0.00	0.00
1049	2250537926         5	0.00	0.00
1050	1914099366         6	0.00	0.00
1051	51885681           2	0.00	0.00
1052	2510931625         3	0.00	0.00
1053	1589040810         11	0.00	0.00
1054	849737390          9	0.00	0.00
1055	245921456          7	0.00	0.00
1056	2574612145         9	0.00	0.00
1057	1007867570         4	0.00	0.00
1058	242882163          4	0.00	0.00
1059	56174262           2	0.00	0.00
1060	3267298999         9	0.00	0.00
1061	60978874           2	0.00	0.00
1062	411322050          4	0.00	0.00
1063	146134724          13	0.00	0.00
1064	107046597          4	0.00	0.00
1065	49770785           3	0.00	0.00
1066	32454345           5	0.00	0.00
1067	292953752          2	0.00	0.00
1068	2677185484         2	0.00	0.00
1069	399169232          3	0.00	0.00
1070	1522927399         4	0.00	0.00
1071	2900494041         2	0.00	0.00
1072	211662560          3	0.00	0.00
1073	41035489           3	0.00	0.00
1074	347969254          2	0.00	0.00
1075	5867132            3	0.00	0.00
1076	15144685           4	0.00	0.00
1077	72394480           5	0.00	0.00
1078	32428328           2	0.00	0.00
1079	2375886578         5	0.00	0.00
1080	28866305           6	0.00	0.00
1081	108005122          9	0.00	0.00
1082	87471875           4	0.00	0.00
1083	2791786244         2	0.00	0.00
1084	3366504197         9	0.00	0.00
1085	292865810          4	0.00	0.00
1086	627918611          14	0.00	0.00
1087	369862421          2	0.00	0.00
1088	135956251          3	0.00	0.00
1089	95925210           3	0.00	0.00
1090	20272927           11	0.00	0.00
1091	2369849120         3	0.00	0.00
1092	2248931107         3	0.00	0.00
1093	2547967782         2	0.00	0.00
1094	19445543           5	0.00	0.00
1095	426506024          3	0.00	0.00
1096	160523912          7	0.00	0.00
1097	23361843           2	0.00	0.00
1098	3268523828         3	0.00	0.00
1099	16361270           3	0.00	0.00
1100	3074258744         3	0.00	0.00
1101	59545401           7	0.00	0.00
1102	267757375          3	0.00	0.00
1103	55695175           5	0.00	0.00
1104	56207177           4	0.00	0.00
1105	25798476           6	0.00	0.00
1106	4182262754         2	0.00	0.00
1107	535422798          2	0.00	0.00
1108	2207213396         2	0.00	0.00
1109	63035222           2	0.00	0.00
1110	14452568           2	0.00	0.00
1111	83803108           7	0.00	0.00
1112	3187898202         15	0.00	0.00
1113	1078105951         3	0.00	0.00
1114	244729697          4	0.00	0.00
1115	231167843          3	0.00	0.00
1116	110394342          7	0.00	0.00
1117	169498476          2	0.00	0.00
1118	67500235           3	0.00	0.00
1119	16013171           4	0.00	0.00
1120	2921895798         3	0.00	0.00
1121	54318967           2	0.00	0.00
1122	123893624          5	0.00	0.00
1123	250451834          2	0.00	0.00
1124	1486079870         4	0.00	0.00
1125	133789567          8	0.00	0.00
1126	82257794           2	0.00	0.00
1127	157738884          2	0.00	0.00
1128	15013767           2	0.00	0.00
1129	4708960138         3	0.00	0.00
1130	495063100          11	0.00	0.00
1131	3096544920         5	0.00	0.00
1132	480290706          3	0.00	0.00
1133	90027923           3	0.00	0.00
1134	1337444246         4	0.00	0.00
1135	213309340          2	0.00	0.00
1136	64804767           6	0.00	0.00
1137	169961377          3	0.00	0.00
1138	751533             5	0.00	0.00
1139	21424048           5	0.00	0.00
1140	99260338           3	0.00	0.00
1141	467969971          2	0.00	0.00
1142	940828602          7	0.00	0.00
1143	52524989           4	0.00	0.00
1144	3926050719         25	0.00	0.00
1145	40953724           4	0.00	0.00
1146	2830641103         18	0.00	0.00
1147	2598001656         2	0.00	0.00
1148	1097795540         4	0.00	0.00
1149	44146340           5	0.00	0.00
1150	28301275           7	0.00	0.00
1151	597747676          14	0.00	0.00
1152	1854126439         11	0.00	0.00
1153	33847273           6	0.00	0.00
1154	3254400679         5	0.00	0.00
1155	1618391378         2	0.00	0.00
1156	736472070          3	0.00	0.00
1157	529790960          4	0.00	0.00
1158	6424562            3	0.00	0.00
1159	177956851          2	0.00	0.00
1160	580065269          4	0.00	0.00
1161	2513426089         6	0.00	0.00
1162	46950392           13	0.00	0.00
1163	315185146          3	0.00	0.00
1164	2255898620         2	0.00	0.00
1165	17086462           3	0.00	0.00
1166	43571200           2	0.00	0.00
1167	474052610          4	0.00	0.00
1168	48699398           2	0.00	0.00
1169	625059847          2	0.00	0.00
1170	12007432           4	0.00	0.00
1171	1479403530         3	0.00	0.00
1172	239577100          4	0.00	0.00
1173	1977305101         5	0.00	0.00
1174	82970638           3	0.00	0.00
1175	20555437           2	0.00	0.00
1176	41797648           2	0.00	0.00
1177	620341271          7	0.00	0.00
1178	1366211671         15	0.00	0.00
1179	20056092           3	0.00	0.00
1180	1978902558         5	0.00	0.00
1181	1380083749         7	0.00	0.00
1182	2888734385         3	0.00	0.00
1183	74090541           4	0.00	0.00
1184	22906926           3	0.00	0.00
1185	20600882           2	0.00	0.00
1186	114563124          2	0.00	0.00
1187	2260625462         6	0.00	0.00
1188	16783417           4	0.00	0.00
1189	56551486           4	0.00	0.00
1190	518338623          7	0.00	0.00
1191	510805003          9	0.00	0.00
1192	29514081           4	0.00	0.00
1193	2627893322         10	0.00	0.00
1194	175122508          5	0.00	0.00
1195	90749008           6	0.00	0.00
1196	496574458          4	0.00	0.00
1197	35227730           3	0.00	0.00
1198	168351827          7	0.00	0.00
1199	41244757           3	0.00	0.00
1200	210995291          7	0.00	0.00
1201	18024546           6	0.00	0.00
1202	356550756          5	0.00	0.00
1203	3421612133         2	0.00	0.00
1204	574105704          5	0.00	0.00
1205	603928681          2	0.00	0.00
1206	174135403          5	0.00	0.00
1207	10082932           3	0.00	0.00
1208	17803380           3	0.00	0.00
1209	2829035637         2	0.00	0.00
1210	488720502          5	0.00	0.00
1211	149109780          10	0.00	0.00
1212	16148602           10	0.00	0.00
1213	69107391           2	0.00	0.00
1214	12679292           2	0.00	0.00
1215	3074865280         17	0.00	0.00
1216	19123904           3	0.00	0.00
1217	3653068932         4	0.00	0.00
1218	8861832            4	0.00	0.00
1219	26405002           5	0.00	0.00
1220	211363561          2	0.00	0.00
1221	213620877          6	0.00	0.00
1222	31271055           7	0.00	0.00
1223	2970572944         3	0.00	0.00
1224	221798767          2	0.00	0.00
1225	2917341345         10	0.00	0.00
1226	1385896110         4	0.00	0.00
1227	4473407663         2	0.00	0.00
1228	279812275          4	0.00	0.00
1229	789501139          7	0.00	0.00
1230	84953271           4	0.00	0.00
1231	97028282           2	0.00	0.00
1232	16586939           2	0.00	0.00
1233	119496394          5	0.00	0.00
1234	18843840           6	0.00	0.00
1235	1090750657         5	0.00	0.00
1236	214116546          2	0.00	0.00
1237	887969989          2	0.00	0.00
1238	590095393          6	0.00	0.00
1239	245975240          5	0.00	0.00
1240	17582282           7	0.00	0.00
1241	10443              2	0.00	0.00
1242	4682631372         8	0.00	0.00
1243	1529948365         2	0.00	0.00
1244	15662838           15	0.00	0.00
1245	294316248          7	0.00	0.00
1246	3130226906         2	0.00	0.00
1247	145062108          4	0.00	0.00
1248	88995536           2	0.00	0.00
1249	214583522          2	0.00	0.00
1250	22300902           3	0.00	0.00
1251	321976551          3	0.00	0.00
1252	3433628711         3	0.00	0.00
1253	793372909          21	0.00	0.00
1254	97171837           9	0.00	0.00
1255	22280436           6	0.00	0.00
1256	35203319           13	0.00	0.00
1257	91601150           4	0.00	0.00
1258	211089672          2	0.00	0.00
1259	20857218           8	0.00	0.00
1260	55253262           6	0.00	0.00
1261	3733539087         2	0.00	0.00
1262	112935313          3	0.00	0.00
1263	382576913          3	0.00	0.00
1264	177125656          5	0.00	0.00
1265	2830563612         3	0.00	0.00
1266	87398687           2	0.00	0.00
1267	20666354           6	0.00	0.00
1268	19695907           5	0.00	0.00
1269	298069399          2	0.00	0.00
1270	3312941353         5	0.00	0.00
1271	132733227          3	0.00	0.00
1272	66025772           3	0.00	0.00
1273	129125427          5	0.00	0.00
1274	135167635          2	0.00	0.00
1275	399878453          3	0.00	0.00
1276	2894399801         3	0.00	0.00
1277	15140152           3	0.00	0.00
1278	2305210080         7	0.00	0.00
1279	2664008004         3	0.00	0.00
1280	107351593          28	0.00	0.00
1281	972786866          6	0.00	0.00
1282	17869132           4	0.00	0.00
1283	89057613           2	0.00	0.00
1284	2917513553         6	0.00	0.00
1285	50211154           2	0.00	0.00
1286	37603669           7	0.00	0.00
1287	438688096          7	0.00	0.00
1288	2785040737         4	0.00	0.00
1289	135076195          2	0.00	0.00
1290	4135192935         10	0.00	0.00
1291	256657776          2	0.00	0.00
1292	97261937           3	0.00	0.00
1293	2713418814         4	0.00	0.00
1294	3251759479         3	0.00	0.00
1295	35731832           6	0.00	0.00
1296	16796735           4	0.00	0.00
1297	3328158077         6	0.00	0.00
1298	285433161          11	0.00	0.00
1299	212814209          3	0.00	0.00
1300	1535580554         5	0.00	0.00
1301	14883641           3	0.00	0.00
1302	2497104271         6	0.00	0.00
1303	1863182736         5	0.00	0.00
1304	2543544721         2	0.00	0.00
1305	2510072210         41	0.00	0.00
1306	142010771          2	0.00	0.00
1307	3330464153         5	0.00	0.00
1308	385292696          6	0.00	0.00
1309	702873             2	0.00	0.00
1310	201156321          3	0.00	0.00
1311	14690726           3	0.00	0.00
1312	44285642           3	0.00	0.00
1313	2884213161         5	0.00	0.00
1314	2818156970         2	0.00	0.00
1315	507251116          2	0.00	0.00
1316	347261357          11	0.00	0.00
1317	67836337           2	0.00	0.00
1318	17574322           4	0.00	0.00
1319	56998323           2	0.00	0.00
1320	29215157           2	0.00	0.00
1321	86458229           2	0.00	0.00
1322	46449055           3	0.00	0.00
1323	22927804           2	0.00	0.00
1324	49392714           5	0.00	0.00
1325	98941374           4	0.00	0.00
1326	1565051329         2	0.00	0.00
1327	18368962           2	0.00	0.00
1328	14662083           8	0.00	0.00
1329	383065846          2	0.00	0.00
1330	34204102           6	0.00	0.00
1331	2562779593         5	0.00	0.00
1332	17529294           8	0.00	0.00
1333	55605714           3	0.00	0.00
1334	87678713           4	0.00	0.00
1335	276789720          3	0.00	0.00
1336	864111066          17	0.00	0.00
1337	33700317           3	0.00	0.00
1338	1586862559         2	0.00	0.00
1339	22170080           14	0.00	0.00
1340	3533019617         5	0.00	0.00
1341	1878501            4	0.00	0.00
1342	68540904           3	0.00	0.00
1343	20494827           2	0.00	0.00
1344	3196176878         4	0.00	0.00
1345	1686575599         3	0.00	0.00
1346	14453232           2	0.00	0.00
1347	2785319409         2	0.00	0.00
1348	1305831925         6	0.00	0.00
1349	636639736          2	0.00	0.00
1350	3042241019         3	0.00	0.00
1351	7088642            2	0.00	0.00
1352	36741547           22	0.00	0.00
1353	14932486           3	0.00	0.00
1354	982428168          12	0.00	0.00
1355	350484908          4	0.00	0.00
1356	4032166413         6	0.00	0.00
1357	80693776           3	0.00	0.00
1358	150563345          2	0.00	0.00
1359	457095704          5	0.00	0.00
1360	17951262           9	0.00	0.00
1361	176130592          9	0.00	0.00
1362	1484470825         6	0.00	0.00
1363	2784045614         9	0.00	0.00
1364	753353821          3	0.00	0.00
1365	184435123          4	0.00	0.00
1366	14126174           2	0.00	0.00
1367	1617177145         12	0.00	0.00
1368	195852859          3	0.00	0.00
1369	1326217789         5	0.00	0.00
1370	1689887840         5	0.00	0.00
1371	14707266           3	0.00	0.00
1372	1107877460         4	0.00	0.00
1373	30579279           5	0.00	0.00
1374	773048150          2	0.00	0.00
1375	3346856533         3	0.00	0.00
1376	430983766          3	0.00	0.00
1377	14174808           4	0.00	0.00
1378	35228258           3	0.00	0.00
1379	4805249636         3	0.00	0.00
1380	473332327          3	0.00	0.00
1381	45279852           7	0.00	0.00
1382	2173110895         3	0.00	0.00
1383	25697384           4	0.00	0.00
1384	532445812          2	0.00	0.00
1385	3404155509         3	0.00	0.00
1386	2605960297         4	0.00	0.00
1387	2464701048         14	0.00	0.00
1388	2538089081         3	0.00	0.00
1389	33913779           4	0.00	0.00
1390	741358213          11	0.00	0.00
1391	71522953           5	0.00	0.00
1392	362727324          3	0.00	0.00
1393	1235610733         4	0.00	0.00
1394	505694866          3	0.00	0.00
1395	555854484          2	0.00	0.00
1396	55720601           2	0.00	0.00
1397	13081242           4	0.00	0.00
1398	38922908           6	0.00	0.00
1399	42818205           4	0.00	0.00
1400	839913888          6	0.00	0.00
1401	17332678           4	0.00	0.00
1402	196500134          3	0.00	0.00
1403	3505519275         3	0.00	0.00
1404	86424236           7	0.00	0.00
1405	46201948           3	0.00	0.00
1406	31422864           2	0.00	0.00
1407	17251443           2	0.00	0.00
1408	15108801           2	0.00	0.00
1409	2475489990         2	0.00	0.00
1410	324209356          26	0.00	0.00
1411	208557858          2	0.00	0.00
1412	481831632          3	0.00	0.00
1413	426576599          10	0.00	0.00
1414	1432959704         3	0.00	0.00
1415	14797531           5	0.00	0.00
1416	25877213           3	0.00	0.00
1417	136973026          3	0.00	0.00
1418	1600400100         2	0.00	0.00
1419	302361317          2	0.00	0.00
1420	3291881            5	0.00	0.00
1421	15731435           2	0.00	0.00
1422	15793246           2	0.00	0.00
1423	81943278           9	0.00	0.00
1424	16476911           4	0.00	0.00
1425	50110248           2	0.00	0.00
1426	91781876           3	0.00	0.00
1427	613972984          3	0.00	0.00
1428	3259665145         2	0.00	0.00
1429	36510458           2	0.00	0.00
1430	3434384128         17	0.00	0.00
1431	2845764363         2	0.00	0.00
1432	96994782           4	0.00	0.00
1433	15638074           3	0.00	0.00
1434	3238644504         2	0.00	0.00
1435	29793049           2	0.00	0.00
1436	253901600          7	0.00	0.00
1437	339003184          3	0.00	0.00
1438	3676019356         2	0.00	0.00
1439	18201379           2	0.00	0.00
1440	28796038           6	0.00	0.00
1441	1148996390         9	0.00	0.00
1442	58723111           10	0.00	0.00
1443	46512940           9	0.00	0.00
1444	508408285          11	0.00	0.00
1445	406727474          7	0.00	0.00
1446	3148611379         4	0.00	0.00
1447	4203436853         2	0.00	0.00
1448	95426356           6	0.00	0.00
1449	87182139           2	0.00	0.00
1450	76942141           4	0.00	0.00
1451	415187424          10	0.00	0.00
1452	198630213          4	0.00	0.00
1453	17767238           3	0.00	0.00
1454	2365390647         8	0.00	0.00
1455	38635047           2	0.00	0.00
1456	1477126993         3	0.00	0.00
1457	628681556          4	0.00	0.00
1458	83020636           3	0.00	0.00
1459	300718941          4	0.00	0.00
1460	2413402974         4	0.00	0.00
1461	1960958437         5	0.00	0.00
1462	2446531428         16	0.00	0.00
1463	1437768553         2	0.00	0.00
1464	15502186           2	0.00	0.00
1465	4213017453         2	0.00	0.00
1466	1182358387         2	0.00	0.00
1467	300919670          2	0.00	0.00
1468	106687352          4	0.00	0.00
1469	23333764           2	0.00	0.00
1470	2786356105         3	0.00	0.00
1471	16156052           9	0.00	0.00
1472	17341328           6	0.00	0.00
1473	163421074          3	0.00	0.00
1474	129248147          6	0.00	0.00
1475	2903542678         4	0.00	0.00
1476	56744860           6	0.00	0.00
1477	395522475          6	0.00	0.00
1478	4016728992         3	0.00	0.00
1479	1158429168         17	0.00	0.00
1480	44305322           4	0.00	0.00
1481	63490987           4	0.00	0.00
1482	48241587           2	0.00	0.00
1483	3044871094         5	0.00	0.00
1484	2926214071         2	0.00	0.00
1485	63871928           6	0.00	0.00
1486	6703252            3	0.00	0.00
1487	9677762            36	0.00	0.00
1488	41618373           3	0.00	0.00
1489	21126086           5	0.00	0.00
1490	26299335           2	0.00	0.00
1491	39726924           5	0.00	0.00
1492	14232524           6	0.00	0.00
1493	2503427234         4	0.00	0.00
1494	164666319          3	0.00	0.00
1495	1966885842         3	0.00	0.00
1496	582036437          3	0.00	0.00
1497	3013897184         6	0.00	0.00
1498	14363601           2	0.00	0.00
1499	2914732539         3	0.00	0.00
1500	919321574          14	0.00	0.00
1501	2831399913         2	0.00	0.00
1502	368970737          9	0.00	0.00
1503	24296977           3	0.00	0.00
1504	2306817014         4	0.00	0.00
1505	325696505          9	0.00	0.00
1506	3154750458         3	0.00	0.00
1507	1933141            8	0.00	0.00
1508	2595130368         8	0.00	0.00
1509	42007556           5	0.00	0.00
1510	1554306902         2	0.00	0.00
1511	14232582           6	0.00	0.00
1512	106044424          3	0.00	0.00
1513	563637257          4	0.00	0.00
1514	39685130           2	0.00	0.00
1515	578952208          4	0.00	0.00
1516	2414509075         2	0.00	0.00
1517	370730585          3	0.00	0.00
1518	84544535           3	0.00	0.00
1519	252685338          8	0.00	0.00
1520	120605723          24	0.00	0.00
1521	20420442           4	0.00	0.00
1522	37092528           4	0.00	0.00
1523	59669540           7	0.00	0.00
1524	3063248732         7	0.00	0.00
1525	3315420203         4	0.00	0.00
1526	378522669          3	0.00	0.00
1527	3356052532         22	0.00	0.00
1528	77268480           2	0.00	0.00
1529	22239753           4	0.00	0.00
1530	115784760          8	0.00	0.00
1531	18783289           5	0.00	0.00
1532	1375242079         7	0.00	0.00
1533	26168382           2	0.00	0.00
1534	49744959           2	0.00	0.00
1535	15617092           2	0.00	0.00
1536	593030215          6	0.00	0.00
1537	31190089           8	0.00	0.00
1538	112487498          7	0.00	0.00
1539	566336166          8	0.00	0.00
1540	159112272          2	0.00	0.00
1541	2965005496         2	0.00	0.00
1542	241081430          2	0.00	0.00
1543	28429403           13	0.00	0.00
1544	16350300           8	0.00	0.00
1545	3324525672         4	0.00	0.00
1546	478055530          2	0.00	0.00
1547	16358370           3	0.00	0.00
1548	147694099          6	0.00	0.00
1549	9481332            6	0.00	0.00
1550	2911485801         3	0.00	0.00
1551	242595690          10	0.00	0.00
1552	89107582           3	0.00	0.00
1553	31087743           2	0.00	0.00
1554	198265987          27	0.00	0.00
1555	16170178           4	0.00	0.00
1556	342101136          2	0.00	0.00
1557	2889268374         2	0.00	0.00
1558	1932024985         5	0.00	0.00
1559	2324176069         10	0.00	0.00
1560	3215682734         2	0.00	0.00
1561	194976944          54	0.00	0.00
1562	7302322            3	0.00	0.00
1563	14133108           9	0.00	0.00
1564	229641402          2	0.00	0.00
1565	23776445           2	0.00	0.00
1566	523975873          4	0.00	0.00
1567	859663554          3	0.00	0.00
1568	381885636          2	0.00	0.00
1569	1493671116         2	0.00	0.00
1570	97012940           2	0.00	0.00
1571	4182561314         4	0.00	0.00
1572	195816655          12	0.00	0.00
1573	29024169           2	0.00	0.00
1574	20999381           2	0.00	0.00
1575	21126297           2	0.00	0.00
1576	207856847          3	0.00	0.00
1577	4781866214         2	0.00	0.00
1578	9170162            29	0.00	0.00
1579	528606419          4	0.00	0.00
1580	296930551          3	0.00	0.00
1581	66383096           5	0.00	0.00
1582	3297160441         3	0.00	0.00
1583	3296599290         2	0.00	0.00
1584	3262905595         4	0.00	0.00
1585	16210474           3	0.00	0.00
1586	389082372          26	0.00	0.00
1587	2757831941         2	0.00	0.00
1588	64142600           4	0.00	0.00
1589	546209034          5	0.00	0.00
1590	111164684          2	0.00	0.00
1591	16723213           4	0.00	0.00
1592	1848950844         3	0.00	0.00
1593	9898542            6	0.00	0.00
1594	635608354          5	0.00	0.00
1595	2450492707         13	0.00	0.00
1596	27180523           2	0.00	0.00
1597	117214508          6	0.00	0.00
1598	2904665389         4	0.00	0.00
1599	19348786           2	0.00	0.00
1600	10333492           3	0.00	0.00
1601	3401329973         2	0.00	0.00
1602	3177024824         6	0.00	0.00
1603	2927197497         2	0.00	0.00
1604	519695675          3	0.00	0.00
1605	92200252           2	0.00	0.00
1606	18425738           2	0.00	0.00
1607	402152766          3	0.00	0.00
1608	145354047          12	0.00	0.00
1609	25861440           3	0.00	0.00
1610	2999889217         4	0.00	0.00
1611	543285814          2	0.00	0.00
1612	1228315974         3	0.00	0.00
1613	21445961           4	0.00	0.00
1614	2188082514         2	0.00	0.00
1615	50105685           6	0.00	0.00
1616	358776150          17	0.00	0.00
1617	14191961           4	0.00	0.00
1618	26071610           2	0.00	0.00
1619	130284900          3	0.00	0.00
1620	54295782           7	0.00	0.00
1621	2706079086         2	0.00	0.00
1622	3149286633         3	0.00	0.00
1623	3534196092         3	0.00	0.00
1624	3224882558         4	0.00	0.00
1625	3345194367         3	0.00	0.00
1626	38366595           5	0.00	0.00
1627	43606594           4	0.00	0.00
1628	14851470           2	0.00	0.00
1629	314457487          4	0.00	0.00
1630	277589392          16	0.00	0.00
1631	485904751          6	0.00	0.00
1632	3053260184         3	0.00	0.00
1633	3235404753         3	0.00	0.00
1634	570416368          3	0.00	0.00
1635	67787015           2	0.00	0.00
1636	440043420          5	0.00	0.00
1637	24718762           4	0.00	0.00
1638	1289166066         3	0.00	0.00
1639	14108573           5	0.00	0.00
1640	1490191            2	0.00	0.00
1641	3808402873         4	0.00	0.00
1642	2953342395         7	0.00	0.00
1643	15011270           10	0.00	0.00
1644	477937098          3	0.00	0.00
1645	14667213           2	0.00	0.00
1646	43634126           2	0.00	0.00
1647	361259597          5	0.00	0.00
1648	2284457426         6	0.00	0.00
1649	91688405           7	0.00	0.00
1650	70413785           4	0.00	0.00
1651	324558300          4	0.00	0.00
1652	348902650          3	0.00	0.00
1653	319503843          7	0.00	0.00
1654	437513705          8	0.00	0.00
1655	261819883          6	0.00	0.00
1656	3871722988         16	0.00	0.00
1657	492490665          5	0.00	0.00
1658	148707924          5	0.00	0.00
1659	3687259642         2	0.00	0.00
1660	23625211           4	0.00	0.00
1661	203169277          3	0.00	0.00
1662	78016000           2	0.00	0.00
1663	91147778           6	0.00	0.00
1664	122752517          5	0.00	0.00
1665	376200768          7	0.00	0.00
1666	4529503756         14	0.00	0.00
1667	2817502736         3	0.00	0.00
1668	402295384          3	0.00	0.00
1669	1608740100         2	0.00	0.00
1670	56643102           2	0.00	0.00
1671	481525285          7	0.00	0.00
1672	1621691942         5	0.00	0.00
1673	1447136808         2	0.00	0.00
1674	235081257          26	0.00	0.00
1675	138526255          3	0.00	0.00
1676	246779440          2	0.00	0.00
1677	1165102646         3	0.00	0.00
1678	79539767           4	0.00	0.00
1679	18452026           7	0.00	0.00
1680	175951419          2	0.00	0.00
1681	162061885          9	0.00	0.00
1682	2264624702         2	0.00	0.00
1683	283192898          6	0.00	0.00
1684	498777674          2	0.00	0.00
1685	185204300          4	0.00	0.00
1686	2622959185         4	0.00	0.00
1687	3189653075         4	0.00	0.00
1688	109932116          3	0.00	0.00
1689	99077391           10	0.00	0.00
1690	2472734300         3	0.00	0.00
1691	472845917          2	0.00	0.00
1692	14224993           5	0.00	0.00
1693	3861958587         3	0.00	0.00
1694	2505256554         5	0.00	0.00
1695	1414872684         2	0.00	0.00
1696	821393342          3	0.00	0.00
1697	22683217           10	0.00	0.00
1698	2336411256         7	0.00	0.00
1699	3168640634         14	0.00	0.00
1700	91840123           2	0.00	0.00
1701	16080380           3	0.00	0.00
1702	157904517          3	0.00	0.00
1703	18640520           2	0.00	0.00
1704	15179401           7	0.00	0.00
1705	2332319376         3	0.00	0.00
1706	2815200914         8	0.00	0.00
1707	3346390678         5	0.00	0.00
1708	883330712          2	0.00	0.00
1709	266409924          4	0.00	0.00
1710	14569114           2	0.00	0.00
1711	2949094808         10	0.00	0.00
1712	2917850519         6	0.00	0.00
1713	18955943           7	0.00	0.00
1714	110309034          11	0.00	0.00
1715	122548168          2	0.00	0.00
1716	110128820          2	0.00	0.00
1717	400661109          2	0.00	0.00
1718	1146474176         2	0.00	0.00
1719	3945969195         2	0.00	0.00
1720	138432194          8	0.00	0.00
1721	849550284          3	0.00	0.00
1722	4050439879         4	0.00	0.00
1723	2328174282         2	0.00	0.00
1724	469545592          5	0.00	0.00
1725	107158819          7	0.00	0.00
1726	260337370          10	0.00	0.00
1727	948976765          8	0.00	0.00
1728	1157398236         5	0.00	0.00
1729	158356091          2	0.00	0.00
1730	523116261          2	0.00	0.00
1731	179113702          6	0.00	0.00
1732	4172472040         4	0.00	0.00
1733	3130781417         3	0.00	0.00
1734	460287723          2	0.00	0.00
1735	140525292          2	0.00	0.00
1736	2205454063         16	0.00	0.00
1737	1218326256         8	0.00	0.00
1738	65949953           3	0.00	0.00
1739	1976164082         3	0.00	0.00
1740	4776972022         2	0.00	0.00
1741	1900928762         2	0.00	0.00
1742	72441596           4	0.00	0.00
1743	15740671           2	0.00	0.00
1744	127385346          11	0.00	0.00
1745	130600708          3	0.00	0.00
1746	324095750          4	0.00	0.00
1747	2849259272         5	0.00	0.00
1748	238071562          3	0.00	0.00
1749	17895180           4	0.00	0.00
1750	20643598           2	0.00	0.00
1751	1605693206         5	0.00	0.00
1752	203214617          2	0.00	0.00
1753	822787866          4	0.00	0.00
1754	10825502           2	0.00	0.00
1755	256547461          2	0.00	0.00
1756	1067384611         3	0.00	0.00
1757	398282532          5	0.00	0.00
1758	3214683941         26	0.00	0.00
1759	3422883623         3	0.00	0.00
1760	23990056           11	0.00	0.00
1761	21573419           8	0.00	0.00
1762	405499692          5	0.00	0.00
1763	91180846           4	0.00	0.00
1764	3301954360         4	0.00	0.00
1765	2797342512         6	0.00	0.00
1766	3439484728         2	0.00	0.00
1767	606330408          20	0.00	0.00
1768	140795711          4	0.00	0.00
1769	2291760961         15	0.00	0.00
1770	2283945799         4	0.00	0.00
1771	17125192           3	0.00	0.00
1772	503570249          2	0.00	0.00
1773	15757132           5	0.00	0.00
1774	11099982           4	0.00	0.00
1775	3064950609         3	0.00	0.00
1776	1389027157         4	0.00	0.00
1777	4469747542         11	0.00	0.00
1778	25292632           13	0.00	0.00
1779	120864602          4	0.00	0.00
1780	42004547           4	0.00	0.00
1781	48664421           7	0.00	0.00
1782	92776739           2	0.00	0.00
1783	47812463           4	0.00	0.00
1784	17551218           7	0.00	0.00
1785	5476212            7	0.00	0.00
1786	198299511          3	0.00	0.00
1787	630722427          9	0.00	0.00
1788	1122502634         4	0.00	0.00
1789	2221699733         7	0.00	0.00
1790	771489667          2	0.00	0.00
1791	63102855           6	0.00	0.00
1792	1470050185         3	0.00	0.00
1793	292237196          3	0.00	0.00
1794	385847731          3	0.00	0.00
1795	14311405           3	0.00	0.00
1796	18255761           5	0.00	0.00
1797	262049683          4	0.00	0.00
1798	2750599063         8	0.00	0.00
1799	1242726300         2	0.00	0.00
1800	51026586           5	0.00	0.00
1801	2996387744         2	0.00	0.00
1802	270552993          5	0.00	0.00
1803	77471651           2	0.00	0.00
1804	2498916260         2	0.00	0.00
1805	186429349          3	0.00	0.00
1806	16228337           4	0.00	0.00
1807	88084396           8	0.00	0.00
1808	2264638368         2	0.00	0.00
1809	20729779           6	0.00	0.00
1810	170355817          3	0.00	0.00
1811	2532458075         8	0.00	0.00
1812	54289055           10	0.00	0.00
1813	2923147208         10	0.00	0.00
1814	4611968969         13	0.00	0.00
1815	14365346           4	0.00	0.00
1816	3668045775         3	0.00	0.00
1817	169213944          5	0.00	0.00
1818	21967993           8	0.00	0.00
1819	432783321          6	0.00	0.00
1820	14454749           2	0.00	0.00
1821	244018146          2	0.00	0.00
1822	13477092           2	0.00	0.00
1823	377716712          2	0.00	0.00
1824	1921019881         6	0.00	0.00
1825	61702125           6	0.00	0.00
1826	239472632          2	0.00	0.00
1827	3425030140         10	0.00	0.00
1828	2980622333         13	0.00	0.00
1829	161656831          4	0.00	0.00
